# oST version 5.0 parameters


[image]

width
640

height
480

[narrow_stereo/left]

camera matrix
205.264290 0.000000 319.321376
0.000000 205.300250 239.410024
0.000000 0.000000 1.000000

distortion
-0.001031 0.000105 0.000000 0.000176 0.000000

rectification
0.999999 0.000276 -0.001369
-0.000276 1.000000 -0.000104
0.001369 0.000105 0.999999

projection
205.414916 0.000000 319.967304 0.000000
0.000000 205.414916 239.482893 0.000000
0.000000 0.000000 1.000000 0.000000
# oST version 5.0 parameters


[image]

width
640

height
480

[narrow_stereo/right]

camera matrix
205.330946 0.000000 319.522888
0.000000 205.442581 239.513758
0.000000 0.000000 1.000000

distortion
-0.000756 0.000048 0.000031 -0.000186 0.000000

rectification
1.000000 0.000264 -0.000204
-0.000264 1.000000 0.000105
0.000204 -0.000104 1.000000

projection
205.414916 0.000000 319.967304 -41.082380
0.000000 205.414916 239.482893 0.000000
0.000000 0.000000 1.000000 0.000000
