image_width: 640
image_height: 480
camera_name: narrow_stereo/right
camera_matrix:
  rows: 3
  cols: 3
  data: [205.33095,   0.     , 319.52289,
           0.     , 205.44258, 239.51376,
           0.     ,   0.     ,   1.     ]
distortion_model: plumb_bob
distortion_coefficients:
  rows: 1
  cols: 5
  data: [-0.000756, 0.000048, 0.000031, -0.000186, 0.000000]
rectification_matrix:
  rows: 3
  cols: 3
  data: [ 0.99999994,  0.00026366, -0.00020395,
         -0.00026364,  0.99999996,  0.00010452,
          0.00020398, -0.00010447,  0.99999997]
projection_matrix:
  rows: 3
  cols: 4
  data: [205.41492,   0.     , 319.9673 , -41.08238,
           0.     , 205.41492, 239.48289,   0.     ,
           0.     ,   0.     ,   1.     ,   0.     ]
